(z)->my(s,m,n);s=vector(#z-1,i,z[i+1]-z[i]);m=vecsum(s)/#s;n=vector(#s,i,s[i]/m);vecsum(vector(#n,i,(n[i]-1)^2))/#n
EC Test - Rank 0
[0, -1, 1, -10, -20, -4, -20, -79, -21, 496, 20008, -161051, -122023936/161051, Vecsmall([1]), [Vecsmall([128, -1])], [0, 0, 0, 0, 0, 0, 0, 0]]
[6.3626138947130887013860290088787011871, 8.6035396192907560012260389486844901069, 10.035509097181078884334648682076984953, 11.451258610345210583533740838864416545, 13.568639057129994513424894358429892307, 15.914072603300384163316399240879024087, 17.033610320380624453900269394051271029, 17.941433573459341045392796352521328041, 19.185724971852241412361902720854500451, 20.379260464350109436499549777283070779, 22.172490291474671222047502604468542665, 23.301415502229715599263132074992079862, 25.209868424251594724229248318357118518, 25.876403079348791888272790787199277120, 27.067635233438503599853749803659279304, 28.449649699571625131928416333307062903, 28.683909882685007996837381841099606014, 29.974859948719174284535824744616855271, 31.663575568832886424682764472574213913, 33.082842812340109025715739163702433371, 34.112852476531417015710688850181896768, 35.236487792740123231829520870758755910, 35.722877822786448218252640914936093637, 37.036405154383525352299466982917554647, 37.761957168112161617445235462504075604, 38.833486365520545611554813751008869681, 40.146656176320474269016378078688307256, 41.037794018165778268860798373651761770, 42.511732788797673155721124050578635541, 43.429098611223227280099945481337349843, 44.746454527503507772179675436513973458, 45.158714137333061867914516226350567910, 45.910261957754140997981956111868409003, 46.757598972531659359652543153772293680, 47.972050628826798795881722103836948259, 48.807518118384143430413885381961676402, 50.243942182733908280792398365046059682, 51.371365899969695225746993491520503190, 52.256372153906999740037060005147951542, 52.913351812234022926822822176334189610, 54.007412252131303633293169338304954277, 54.763025619901320146666983904963158761, 55.571029569768633883413056117727705155, 56.479776670188572949268594590067466833, 57.331691331356718695389086630995422793, 58.183661923818477373808405922657793153, 59.560440162711775539266710773682629408]
11a1: zeros=47 var=0.14757601228473449194776608908715211029 L(1)=0.25384186085591068433775892335090946104
[0, 0, 0, -1, 0, 0, -2, 0, -1, 48, 0, 64, 1728, Vecsmall([1]), [Vecsmall([128, 1])], [0, 0, 0, 0, 0, 0, 0, 0]]
[3.6747822265308646335018678283539989561, 5.8714641884883368750698213502561049460, 7.7719947390609706238599728222535039326, 8.9553862311652291980733321320523839460, 10.907692143712211309833500059982299661, 11.766612682744934208556932551020900369, 13.276875525351427040959903466423915183, 14.576525639782760463312300695565567940, 15.748820747865352500244954590741288258, 16.738563669909918808156812449174122436, 18.118362946145089013364373302142937497, 19.188724578283439828148612540908146824, 20.208458993673604840826742988432581050, 21.124873959603359051607983209619405308, 22.729904045009357995626390077229164713, 23.197003152589286601786510635067759766, 24.292634050067292269285981224756421065, 25.647107662888742591612067607531955202, 26.251833008755705897358845890797479789, 27.701126083547418513933207287849816074, 28.103161663440469790199722997350514413, 29.329603025831507889535889262851387259, 30.525498435304641608356677520890581266, 31.201297879348530398780153192553283350, 32.035291673732034240626536486478306856, 33.168053379457949581023909017765737346, 34.099226548636725385428586594730612090, 35.088893834087912073877953179980115776, 35.624845158603082069516195889812979688, 36.823903063140628385677167190668013525, 37.696493052621138595946540488819616203, 38.562891830610683223286877492554771653, 39.457667701423532483443261901634511436, 40.241406661639290159383326739585166234, 41.057114139783644410158436554644596245, 42.302436408830352351348173893623945784, 43.063249093912803187283688581286062778, 43.328737637967534953679577180994466012, 44.827240812692447946335526959632772444, 45.424501817094443954866600742339110382, 46.371344801181033917522601869824637303, 47.090184229646141619845004480086318277, 48.043579713246795000758336306317891170, 48.628591101330510376258842737447361296, 49.940530273155009035116669363001509115, 50.363418791075640710724698942782328146, 51.277855745979827223117269279949385302, 52.043642917165255816819733322881978495, 52.882139001707956393530068634732651881, 53.915452783446005249500058739834746116, 54.658359264707582471127082593935601595, 55.080155033118776697367057704414965109, 56.150252034017739745111767751878389377, 57.075916927933341931675285270605734094, 57.827128425830179590011973865212904974, 58.373066828739112702008121196518563718, 59.561008134722300145015456270182455896, 59.890103213847608864544661741343964117]
32a1: zeros=58 var=0.15986696218160462401305485990840999583 L(1)=0.65551438857302995261620989747277985342
EC Test - Rank 1
[0, 0, 1, -1, 0, 0, -2, 1, -1, 48, -216, 37, 110592/37, Vecsmall([1]), [Vecsmall([128, 1])], [0, 0, 0, 0, 0, 0, 0, 0]]
[0, 5.0031700140066586953462731557096274931, 6.8703912169544319485246521624010338820, 8.0143308078728792234188991969279241015, 9.9330983536053517142955242248296981318, 10.775138162540800445751488874953675736, 11.757324722849776346766779428674836894, 12.958386413882845947673310706142123185, 15.603857873204318865057864426813125500, 16.192017416874481955080035178371776829, 17.141693648014874802635233573198637440, 18.063654202910710633651988573719671979, 18.787195624663916103802174395587655987, 19.814822245363376241522344518037384496, 21.322800299809159951485960475008015837, 22.620430275356050404419147545002149619, 23.328310518892485308717974159561120245, 24.169231638562306689661192662698033852, 25.657166184573323809758308377810971489, 26.814468471624346759099842819151063529, 27.339071646324519665135945802821800231, 28.190190438870393622800986733604769217, 29.029661636005665432632451083807864069, 29.281667729718750960608609227577819157, 30.895760176846780981377663107342335386, 32.042439909870546460492176906149429906, 33.440649798271560406442994943083924645, 34.363341662863405895236324470855780068, 34.636120997248061703447636180348064923, 35.461832846390029769650446022165415047, 36.163671019825597651796107525409878285, 37.084282670438370238468754252359511463, 38.468155716431024455643391386706341147, 39.002075942337517075417175849124680064, 39.603942052904048361749233130906614351, 40.648553405181017505892510409546754873, 41.652472717986913362179411985392909133, 42.575265052943262839491832546866347746, 44.034039908305622797841240799476958409, 44.235817923568870788716560364578355045, 45.393360053054559686372648181861107634, 45.565060718193892442827596479653100902, 46.653375186815624395806686091032150563, 46.957397743592568461988520487295828182, 47.574503306887881735861501780768601948, 49.341670883715116176033082094670713653, 50.219093324918850230182218753184984468, 51.002658891454313849803558170547396073, 51.719188508802501778967486580844955210, 52.410889592592259627360539541732509403, 53.001325411043232551705433096106496651, 54.039187460488700426991792381117007399, 54.977413766893473749567493618597523261, 55.291453096916752340143300699867903852, 56.257319337138271562219433429082442287, 56.957157179566150306182397160267620208, 57.714726848130438373378563409318151148, 58.398744879501531904235547209016121754, 59.095666422180059179124749221050381126]
37a1: zeros=59 var=0.46437394610458093355293561763079177114 L(1)=0.E-58
[0, 1, 1, -2, 0, 4, -4, 1, -3, 112, -856, 389, 1404928/389, Vecsmall([1]), [Vecsmall([128, 1])], [0, 0, 0, 0, 0, 0, 0, 0]]
[0, 0, 2.8760990712604652017634260947208978221, 4.4168960836652578292256129430366424462, 5.7934026339283652714755989690276255556, 6.9859666528286892180119783301087050745, 7.4749074957854308893802009944496607287, 8.6332052445633262416026505643212415745, 9.6330788021849134547266700898004613508, 10.351433312881496671366559778621042728, 11.110935538806796227689353672539414512, 11.933527327884206154937114054368380001, 12.667213745741216052509148202620936320, 13.624853677749640810720231368927485038, 15.505618473276671930119463012307815889, 15.911586025869770940122348619258683257, 16.250069926202604178427592535668074822, 17.179882991448239521345387964070144884, 17.867703283415667343541740412998592020, 18.690903934271911015365383595295961390, 19.273443647444038934019865918233544540, 19.861221754370474598877968849313107930, 20.447749514057160295965191361198836684, 22.213456309221267651778329003160923590, 22.459401140819365556060448973359728957, 23.011993462285991767596607590576190271, 23.932702408160333871304734748801556831, 24.554946315188912267095552783373825081, 25.866952309211989551561290703955769373, 26.259640679239274602384729267308047962, 26.749674224639108275873330715999370327, 27.548220074952605274925707847919453133, 28.319549953860733486802468667470406895, 28.700445828533038384349853863937535942, 29.132131993460012652667808181987999471, 29.731477645866799668754897829219965233, 31.215021983932515892257793534923769442, 31.522361896923572115101404806241702673, 32.278480987990890380849717105141788646, 33.345513279445358450073398289696350273, 34.089424148492132686545324002154119476, 34.662192815914395999120150064526163971, 35.138662524315300258531081276459006595, 35.603213502693638337179596976565235107, 35.936439197242091113810105411359017510, 36.873886991172272767877883641846009239, 37.698770157687157494190224243475388205, 38.404418831257314848382315623439660584, 39.094118367296743818537661982278015577, 39.398999806461240285955355136914684085, 39.776071823655968225877157998031135673, 41.085060795427544829448732352047684117, 41.729208726575270528290273120167700950, 42.334983939043440144724544216339459030, 42.857022048828373057119490770385551413, 43.903364705911017946807787528066119889, 44.475623748164146128581452530042811155, 44.740852689391677973101104439944438143, 45.602840908911623238901006304157162237, 45.967077318338276852673336121056477859, 46.454889477321305388089970371118356900, 46.998501697937567391046235127316766381, 47.527686840401791658911429002607491560, 48.427029025251803220778399805234075223, 49.021278331118346700601681331329339227, 50.167274792879097558228393972921903242, 50.631761891600603862405982747557326735, 51.228092642396837289166069183106757298, 51.906901806390828176584122761255559341, 52.176062163139625486569245829291471625, 52.699345609232117368448250246444207524, 53.956718565583906964404223675806584288, 54.222503426394847912523574677095215969, 54.648282021837978082707597318664465296, 55.315336808506070891011214479815336496, 55.701034225800948762759712854477262302, 56.285510211363158994371877527993766044, 57.442527144445325894614434571790271321, 57.604827629832996469287534314208280991, 58.200247592326451053053849914359535762, 58.671658340209579755857283919698879008, 59.416770746094939051837692015469733049]
389a1: zeros=82 var=0.34598455096322716427658734623537645470 L(1)=-1.3594458772200944767166641828632283521 E-41
