14.1347251417
21.0220396388
25.0108575801
30.4248761259
32.9350615877
37.5861781588
40.9187190121
43.3270732809
48.0051508812
49.7738324777
52.9703214777
56.4462476971
59.3470440026
60.8317785246
65.1125440481
67.0798105295
69.5464017112
72.0671576745
75.7046906991
77.1448400689
79.3373750202
82.9103808541
84.7354929805
87.4252746131
88.8091112076
92.4918992706
94.6513440405
95.8706342282
98.8311942182
101.3178510057
103.7255380405
105.4466230523
107.1686111843
111.0295355432
111.8746591770
114.3202209155
116.2266803209
118.7907828660
121.3701250024
122.9468292936
124.2568185543
127.5166838796
129.5787042000
131.0876885309
133.4977372030
134.7565097534
138.1160420545
139.7362089521
141.1237074040
143.1118458076
146.0009824868
147.4227653426
150.0535204208
150.9252576122
153.0246938112
156.1129092942
157.5975918176
158.8499881714
161.1889641376
163.0307096872
165.5370691879
167.1844399782
169.0945154156
169.9119764794
173.4115365196
174.7541915234
176.4414342977
178.3774077761
179.9164840203
182.2070784844
184.8744678484
185.5987836777
187.2289225835
189.4161586560
192.0266563607
193.0797266038
195.2653966795
196.8764818410
198.0153096763
201.2647519437
202.4935945141
204.1896718031
205.3946972022
207.9062588878
209.5765097169
211.6908625954
213.3479193597
214.5470447835
216.1695385083
219.0675963490
220.7149188393
221.4307055547
224.0070002546
224.9833246696
227.4214442797
229.3374133055
231.2501887005
231.9872352532
233.6934041789
236.5242296658
237.7698204809
239.5554775733
241.0491577962
242.8232719342
244.0708984971
247.1369900749
248.1019900601
249.5736896447
251.0149477950
253.0699867480
255.3062564549
256.3807136944
258.6104394915
259.8744069897
260.8050845046
263.5738939049
265.5578518389
266.6149737815
267.9219150828
269.9704490240
271.4940556416
273.4596091884
275.5874926493
276.4520495031
278.2507435298
279.2292509277
282.4651147651
283.2111857332
284.8359639809
286.6674453630
287.9119205014
289.5798549292
291.8462913291
293.5584341394
294.9653696193
295.5732548790
297.9792770619
299.8403260537
301.6493254622
302.6967495896
304.8643713409
305.7289126020
307.2194961282
310.1094631467
311.1651415304
312.4278011806
313.9852857312
315.4756160895
317.7348059424
318.8531042563
321.1601343091
322.1445586725
323.4669695575
324.8628660517
327.4439012619
329.0330716805
329.9532397282
331.4744675827
333.6453785249
334.2113548332
336.8418504284
338.3399928508
339.8582167254
341.0422611110
342.0548775104
344.6617029403
346.3478705660
347.2726775844
349.3162608707
350.4084193492
351.8786490254
353.4889004887
356.0175749773
357.1513022520
357.9526851016
359.7437549531
361.2893616958
363.3313305790
364.7360241141
366.2127102883
367.9935754817
368.9684380957
370.0509192121
373.0619283721
373.8648739109
375.8259127667
376.3240922307
378.4366802500
379.8729753465
381.4844686172
383.4435294495
384.9561168149
385.8613008460
387.2228902224
388.8461283542
391.4560835636
392.2450833395
393.4277438444
395.5828700110
396.3818542226
397.9187362096
399.9851198762
401.8392286005
402.8619177639
404.2364418002
405.1343874599
407.5814603869
408.9472455024
410.5138691934
411.9722678043
413.2627360702
415.0188097552
415.4552149963
418.3877057895
419.8613648182
420.6438276250
422.0767100588
423.7165796275
425.0698824945
427.2088250841
428.1279140766
430.3287454309
431.3013069307
432.1386417346
433.8892184809
436.1610064326
437.5816981677
438.6217386563
439.9184422144
441.6831992012
442.9045463026
444.3193362776
446.8606226964
447.4417041945
449.1485456850
450.1269457803
451.4033084454
453.9867378067
454.9746837686
456.3284266892
457.9038930641
459.5134152811
460.0879444222
462.0653672749
464.0572869105
465.6715392114
466.5702869308
467.4390462103
469.5360045591
470.7736554781
472.7991746619
473.8352323451
475.6003393694
476.7690152375
478.0752637667
478.9421815346
481.8303393763
482.8347827910
483.8514272125
485.5391481294
486.5287182617
488.3805670900
489.6617615780
491.3988215937
493.3144415818
493.9579978054
495.3588288221
496.4296962158
498.5807824297
500.3090849417
501.6044469651
502.2762703271
504.4997733134
505.4152317422
506.4641527095
508.8007003365
510.2642279437
511.5622897004
512.6231445314
513.6689855555
515.4350571673
517.5896685725
518.2342231476
520.1063104117
521.5251934495
522.4566961777
523.9605308920
525.0773856873
527.9036416013
528.4062138523
529.8062263187
530.8669178840
532.6881830283
533.7796307538
535.6643140759
537.0697590831
538.4285261762
540.2131663762
540.6313902473
541.8474371212
544.3238901010
545.6368332489
547.0109120581
547.9316133645
549.4975675627
550.9700100395
552.0495722006
553.7649721192
555.7920205617
556.8994764069
557.5646591721
559.3162370287
560.2408074973
562.5592076160
564.1608791108
564.5060559381
566.6987876828
567.7317579012
568.9239551796
570.0511147825
572.4199841325
573.6146105268
575.0938860145
575.8072471409
577.0390034721
579.0988346720
580.1369593624
581.9465762659
583.2360882192
584.5617059035
585.9845632050
586.7427718913
588.1396632662
590.6603975168
591.7258580650
592.5713583002
593.9747146822
595.7281536974
596.3627683284
598.4930773462
599.5456403644
